('Room_1', 2.728003962143364, 2.496430524075644)
('Room_2', 9.063308291210829, 4.193328296081185)
('Room_3', 4.543559875131841, 5.742826947171708)
('Room_4', 3.5881802044062465, 10.596962774511612)
('Room_5', 7.195, 11.959839343554309)
('Room_6', 10.104895909499676, 9.964900784145634)
('Room_7', 10.104977349563036, 13.73831379251155)
('Room_8', 8.68735401230253, 18.76903844540752)
('Door_1', 2.9, 4.49)
('Door_2', 6.09, 6.31)
('Door_3', 6.149767441860465, 7.67546511627907)
('Door_4', 8.19, 8.7)
('Door_5', 6.1, 12.43)
('Door_6', 8.253584905660377, 15.709433962264152)
('Door_7', 7.185, 15.74)
('Table_1', 10.16, 5.1, 59.0)
('Table_2', 2.77, 10.73, 93.34077351297235)
('Table_3', 9.08, 4.67, 33.0)
('Table_4', 1.06, 3.68, 60.700082372267005)
('Table_5', 2.32, 2.02, 82.75566445869431)
('Table_6', 7.47, 4.33, 87.43283136213765)
('Table_7', 9.11, 10.31, 66.42665127793211)
('Table_8', 10.48, 13.07, 80.77437712542263)
