('Room_1', 3.1601847633510505, 1.5971631051813284)
('Room_2', 10.875981461777645, 4.470313682896343)
('Room_3', 3.178992824414282, 5.170320936520037)
('Door_1', 6.12, 3.28)
('Door_2', 10.95, 3.44)
('Table_1', 7.38, 4.45, 41.5)
('Table_2', 11.13, 5.83, 70.51595564125896)
('Table_3', 2.0, 4.52, 64.73407139984322)
('Table_4', 13.48, 4.33, 68.06247130394253)
('Table_5', 1.79, 6.44, 47.0)
('Table_6', 7.85, 6.82, 83.70483856982223)
('Table_7', 3.82, 4.53, 50.0)
('Table_8', 8.72, 4.42, 67.30898899849856)
