('Room_1', 2.7350188242349533, 2.73509003981409)
('Room_2', 7.839072461359482, 2.7326865963104536)
('Room_3', 4.4249018386344625, 9.507438302579892)
('Room_4', 12.946803266047857, 7.823844066638046)
('Door_1', 5.23, 3.065)
('Door_2', 0.84, 5.23)
('Door_3', 10.45, 7.82)
('Table_1', 3.22, 13.19, 61.9394865978077)
('Table_2', 5.29, 7.14, 70.5868259663232)
('Table_3', 7.78, 8.84, 48.0)
('Table_4', 8.68, 3.38, 99.5113058903359)
('Table_5', 13.38, 6.88, 94.56479260274408)
('Table_6', 2.16, 14.46, 59.3000843169721)
('Table_7', 2.4, 8.62, 87.75249284208398)
('Table_8', 1.95, 3.07, 97.42946166329772)
