('Room_1', 11.437558307156074, 2.4072624682645554)
('Room_2', 6.907228287343477, 3.8339373621020663)
('Room_3', 2.4411596646956717, 3.439073679456965)
('Room_4', 11.418765910679195, 6.636842174424647)
('Room_5', 2.9400919188756056, 6.915026249378304)
('Room_6', 6.902014713178886, 7.310535284912789)
('Door_1', 9.2, 3.81)
('Door_2', 4.73, 4.455)
('Door_3', 4.714857142857142, 5.98)
('Door_4', 6.91, 5.93)
('Door_5', 4.64, 7.39)
('Door_6', 9.09, 7.535)
('Table_1', 10.59, 7.96, 54.79507277118993)
('Table_2', 7.7, 7.01, 68.8367634335026)
('Table_3', 10.74, 5.86, 38.5)
('Table_4', 7.18, 2.79, 65.54769256045554)
('Table_5', 11.98, 3.37, 44.72694937059759)
('Table_6', 10.56, 1.78, 48.19232304008596)
