('Room_1', 2.7386345451672196, 2.7340922058370967)
('Room_2', 7.829918120682632, 2.7350583545997886)
('Room_3', 12.92149552726683, 2.736105000062381)
('Room_4', 2.732170952692101, 7.820228486288742)
('Room_5', 7.830400172313096, 7.820156738643282)
('Room_6', 12.925835358748127, 7.8201981438321955)
('Door_1', 5.23, 4.49)
('Door_2', 2.73, 5.23)
('Door_3', 14.69, 5.23)
('Door_4', 5.23, 7.82)
('Door_5', 10.34, 7.82)
('Table_1', 7.01, 2.34, 77.77210296758086)
('Table_2', 8.8, 7.25, 64.4864326816114)
('Table_3', 13.94, 3.99, 52.36888389110465)
('Table_4', 3.37, 3.4, 76.85375722760729)
('Table_5', 3.27, 6.61, 61.43695956018657)
('Table_6', 7.19, 8.52, 84.67880490417895)
