('Room_1', 4.017140382902798, 5.277122603688315)
('Room_2', 13.91971336001366, 2.7401417166749265)
('Room_3', 13.914918120179252, 7.824934862645144)
('Room_4', 6.804962771498014, 8.474860827128584)
('Room_5', 9.849997076194375, 8.474894255696547)
('Door_1', 11.32, 4.655)
('Door_2', 11.32, 5.87)
('Door_3', 6.64, 6.53)
('Door_4', 9.8, 6.53)
('Table_1', 4.32, 2.39, 40.5)
('Table_2', 14.48, 1.8, 75.2628726531216)
('Table_3', 12.89, 8.92, 64.0)
('Table_4', 2.1, 8.8, 57.118298293979315)
('Table_5', 1.58, 2.2, 68.80770305714324)
('Table_6', 1.81, 7.07, 78.50159234053791)
('Table_7', 9.99, 8.42, 60.60115510450275)
