('Room_1', 6.54, 1.0950327895153769)
('Room_2', 2.7850817130649466, 4.55006483844421)
('Room_3', 5.377834767134958, 6.535316902670016)
('Room_4', 10.277481811135836, 4.556166795843022)
('Room_5', 10.76, 8.04)
('Room_6', 4.445046266113074, 10.664957622756752)
('Door_1', 6.54, 1.95)
('Door_2', 7.68, 3.165)
('Door_3', 5.28, 6.5)
('Door_4', 6.25, 8.93)
('Door_5', 0.29, 8.985)
('Table_1', 4.37, 8.1, 59.552497848536966)
('Table_2', 4.93, 10.96, 65.51717332119877)
('Table_3', 2.85, 4.17, 69.0)
('Table_4', 11.2, 3.9, 86.33944637302234)
('Table_5', 6.08, 10.11, 51.90857347298228)
('Table_6', 8.7, 5.78, 67.64983370267808)
('Table_7', 2.43, 5.76, 49.0)
