('Room_1', 4.2600876968251775, 2.0049760558106535)
('Room_2', 6.6049864139295265, 2.005048583788014)
('Room_3', 5.898557399733777, 6.824098427476668)
('Door_1', 5.78, 1.6)
('Door_2', 7.33, 2.5)
('Table_1', 7.73, 7.03, 90.34655499796325)
('Table_2', 4.58, 9.6, 63.04363568196238)
('Table_3', 8.86, 3.09, 40.5)
('Table_4', 6.49, 5.09, 81.85658189785352)
('Table_5', 6.69, 9.13, 79.3882862896032)
('Table_6', 4.84, 0.97, 61.518289963229634)
('Table_7', 4.91, 5.0, 31.5)
('Table_8', 3.45, 4.97, 54.33691194758863)
