('Room_1', 1.7350618260955586, 2.725000211975185)
('Room_2', 5.817786584906766, 2.732467311376394)
('Room_3', 9.92790686135526, 1.5072925999432945)
('Room_4', 11.673301398225183, 3.2534168754313413)
('Door_1', 8.335, 2.13)
('Door_2', 3.23, 2.73)
('Door_3', 8.335, 3.59)
('Table_1', 7.35, 1.71, 51.034302189801714)
('Table_2', 6.19, 3.57, 52.33067933822377)
('Table_3', 13.18, 1.66, 46.0)
('Table_4', 12.63, 4.4, 48.5025772511111)
('Table_5', 2.4, 2.44, 54.904462478017216)
('Table_6', 5.83, 4.64, 52.33067933822377)
