('Room_1', 4.023006849083343, 4.305498738821371)
('Room_2', 7.789955534286455, 2.034832406133477)
('Room_3', 1.8593979007740475, 9.426841863539112)
('Room_4', 6.11640323744716, 9.467402014935265)
('Door_1', 7.4, 3.89)
('Door_2', 6.1925185185185185, 8.025037037037036)
('Door_3', 3.65, 8.6)
('Table_1', 1.45, 9.43, 83.68094167730189)
('Table_2', 2.05, 2.46, 65.76093065034893)
('Table_3', 5.23, 6.56, 49.0)
('Table_4', 5.28, 2.89, 52.502380898393554)
('Table_5', 6.56, 9.13, 61.04506532063014)
('Table_6', 4.92, 4.7, 66.50187967268293)
('Table_7', 6.19, 5.69, 39.0)
('Table_8', 5.09, 9.23, 66.98134068529832)
