('Room_1', 13.650046025566258, 6.8248860657072745)
('Room_2', 20.44487769020135, 2.7350311867200845)
('Room_3', 6.145034406306401, 6.8449920375372315)
('Room_4', 20.454912282829362, 9.369996155627943)
('Door_1', 15.155, 3.29)
('Door_2', 12.05, 5.535)
('Door_3', 15.15, 8.91)
('Table_1', 5.44, 10.85, 83.5)
('Table_2', 9.23, 3.59, 97.43972495856092)
('Table_3', 17.5, 11.58, 38.0)
('Table_4', 9.67, 6.7, 116.70689782527852)
('Table_5', 6.92, 8.6, 69.88919802086728)
('Table_6', 5.49, 3.7, 88.43359090300473)
('Table_7', 12.98, 6.94, 39.0)
('Table_8', 21.99, 6.99, 92.72809714428524)
