r1 255 228 196
r2 188 143 143
r3 205 92 92
r4 230 230 250
r5 255 182 193
r6 219 112 147
r7 32 178 170
r8 216 191 216
r9 186 85 211
r10 147 112 219
r11 255 105 180
r12 65 105 225
r13 135 206 250
r14 95 158 160
r15 70 130 180
r16 176 224 230
r17 127 255 212
r18 64 224 208
r19 144 238 144
r20 255 255 0
r21 238 232 170
r22 240 230 140
r23 221 160 221
r24 255 127 80
r25 250 128 114
r26 255 160 122
r27 255 165 0
r28 189 183 170
r29 240 255 240
r30 152 251 152
r31 175 238 238
r32 72 209 204
r33 100 149 237
r34 173 216 230
r35 135 206 235
r36 245 222 179
r37 255 250 205
r38 255 218 185
r39 255 239 213
r40 222 184 135
r41 173 255 47
r42 245 255 250
r43 240 128 128
r44 230 163 163
r45 230 192 163
r46 230 230 163
r47 185 230 163
r48 163 230 223
r49 163 178 230
r50 223 163 230
