o1 255 228 225
o2 188 143 143
o4 255 240 245
o5 255 182 193
o6 219 112 147
o7 221 160 221
o8 216 191 216
o9 186 85 211
o10 147 112 219
o11 255 105 180
o12 65 105 225
o13 135 206 250
o14 95 158 160
o15 70 130 180
o16 176 224 230
o17 127 255 212
o18 64 224 208
o19 144 238 144
o20 255 255 0
o21 238 232 170
o22 240 230 140
o23 250 128 114
o24 255 127 80
o25 32 178 170
r11 46 139 87
r12 0 255 255
r13 47 79 79
r14 0 255 255
r15 25 25 112
r16 0 0 255
r17 75 0 130
r18 128 0 0
r19 220 20 60
r20 255 0 0
r21 255 69 0