o1 255 228 225
o2 188 143 143
o3 205 92 92
o4 255 240 245
o5 255 182 193
o6 219 112 147
o7 221 160 221
o8 216 191 216
o9 186 85 211
o10 147 112 219
o11 255 105 180
o12 65 105 225
o13 135 206 250
o14 95 158 160
o15 70 130 180
o16 176 224 230
o17 127 255 212
o18 64 224 208
o19 144 238 144
o20 255 255 0
o21 238 232 170
o22 240 230 140
o23 250 128 114
o24 255 127 80
o25 32 178 170
o26 255 160 122
o27 255 165 0
o28 189 183 170
o29 173 255 47
o30 152 251 152
o31 175 238 238
o32 72 209 204
o33 100 149 237
o34 173 216 230
o35 135 206 235
o36 245 222 179
o37 255 250 205
o38 255 218 185
o39 255 239 213
o40 222 184 135
o41 240 255 240
o42 230 230 250
o43 240 128 128
o44 255 228 196
o45 245 255 250